n=5 , 5.559113387985e-001
n=10 , 1.091467247081e-001
n=20 , 1.532508855117e-002
n=40 , 2.889123111635e-004
