n=5 , 4.326923076923e-001
n=10 , 1.915643050219e+000
n=20 , 5.976568477453e+001
n=40 , 1.039408117709e+005
